PP-binding	AASDH	22	16	38	18	1176	7.7e-05	1.38	0.0323129251701
PQQ_2	AASDH	26	21	47	7	1494	7.7e-05	1.24	0.0314591700134
PQQ_3	AASDH	8	0	8	3	119	7.7e-05	8.0	0.0672268907563
ASL_C2	AC068533.7	12	16	28	4	1359	8.05e-05	0.75	0.0206033848418
Lyase_1	AC068533.7	56	46	102	19	2854	7.7e-05	1.22	0.0357393132446
RNA_pol_Rpb4	AC068533.7	12	11	23	9	601	7.7e-05	1.09	0.0382695507488
ACOX	ACOX3	45	16	61	14	1471	7.9e-05	2.81	0.0414683888511
Acyl-CoA_dh_1	ACOX3	136	92	228	59	12093	7.7e-05	1.48	0.0188538824113
Acyl-CoA_dh_M	ACOX3	60	30	90	64	2874	8.3e-05	2.0	0.0313152400835
ADAM_CR	ADAM2	120	52	172	72	5111	7.7e-05	2.31	0.0336529054979
Disintegrin	ADAM2	78	44	122	83	3565	8.5e-05	1.77	0.034221598878
Pep_M12B_propep	ADAM2	342	167	509	141	15955	0.000154	2.05	0.0319022250078
Reprolysin	ADAM2	424	282	706	128	20290	7.7e-05	1.5	0.0347954657467
GDE_C	AGL	41	14	55	1	1452	7.7e-05	2.93	0.0378787878788
hDGE_amylase	AGL	33	10	43	1	1293	7.7e-05	3.3	0.0332559938128
hGDE_N	AGL	8	6	14	1	264	7.7e-05	1.33	0.0530303030303
hGDE_central	AGL	17	5	22	1	837	0.000154	3.4	0.026284348865
AIF-MLS	AIFM1	29	10	39	2	1056	0.000166	2.9	0.0369318181818
AIF_C	AIFM1	5	6	11	2	389	9.5e-05	0.83	0.0282776349614
Pyr_redox_2	AIFM1	203	95	298	66	9472	9e-05	2.14	0.0314611486486
Cu_amine_oxid	AOC1	122	66	188	15	4244	8e-05	1.85	0.0442978322337
Cu_amine_oxidN2	AOC1	20	13	33	9	783	8e-05	1.54	0.0421455938697
Cu_amine_oxidN3	AOC1	27	9	36	11	903	8.2e-05	3.0	0.0398671096346
APC_15aa	APC	6	1	7	18	192	0.000154	6.0	0.0364583333333
APC_basic	APC	31	15	46	5	2085	0.000154	2.07	0.0220623501199
APC_crr	APC	7	6	13	28	861	7.7e-05	1.17	0.0150987224158
EB1_binding	APC	11	2	13	2	522	7.7e-05	5.5	0.0249042145594
SAMP	APC	7	1	8	12	306	0.0001155	7.0	0.0261437908497
ApoB100_C	APOB	0	4	4	2	170	7.7e-05	0.0	0.0235294117647
DUF1081	APOB	9	6	15	4	341	0.000154	1.5	0.0439882697947
DUF1943	APOB	25	11	36	6	1645	7.7e-05	2.27	0.0218844984802
Vitellogenin_N	APOB	51	10	61	12	1655	7.7e-05	5.1	0.0368580060423
APP_Cu_bd	APP	9	3	12	19	346	7.7e-05	3.0	0.0346820809249
APP_E2	APP	22	14	36	26	1341	7.7e-05	1.57	0.0268456375839
APP_N	APP	14	8	22	25	2011	7.7e-05	1.75	0.0109398309299
APP_amyloid	APP	7	8	15	24	311	0.000154	0.88	0.048231511254
Beta-APP	APP	3	2	5	11	113	7.7e-05	1.5	0.0442477876106
PH	ARHGEF9	1010	693	1703	732	67185	7.8e-05	1.46	0.0253479199226
RhoGEF	ARHGEF9	638	443	1081	350	35382	8.3e-05	1.44	0.0305522582104
SH3_9	ARHGEF9	270	237	507	485	14829	8e-05	1.14	0.0341897633016
Asp-B-Hydro_N	ASPH	58	23	81	36	7874	0.000154	2.52	0.010287020574
Asp_Arg_Hydrox	ASPH	31	19	50	6	1337	7.7e-05	1.63	0.037397157816
TPR_16	ASPH	9	9	18	24	825	8.6e-05	1.0	0.0218181818182
ASXH	ASXL1	8	3	11	9	1106	8.3e-05	2.67	0.00994575045208
HARE-HTH	ASXL1	3	3	6	12	666	7.7e-05	1.0	0.00900900900901
PHD_3	ASXL1	11	10	21	8	383	8e-05	1.1	0.0548302872063
ATP_Ca_trans_C	ATP2B3	17	11	28	30	1444	9.5e-05	1.55	0.0193905817175
Cation_ATPase_C	ATP2B3	146	145	291	94	8270	9.5e-05	1.01	0.0351874244256
Cation_ATPase_N	ATP2B3	56	36	92	72	3332	0.000154	1.56	0.0276110444178
ATP-synt_ab	ATP6V1B2	41	46	87	26	3863	7.7e-05	0.89	0.0225213564587
ATP-synt_ab_C	ATP6V1B2	28	18	46	20	1651	7.7e-05	1.56	0.0278619018776
ATP-synt_ab_N	ATP6V1B2	20	18	38	23	1122	7.7e-05	1.11	0.0338680926916
E1-E2_ATPase	ATP7A	515	365	880	158	26499	8.3e-05	1.41	0.0332088003321
HMA	ATP7A	47	22	69	77	2578	9.5e-05	2.14	0.0267649340574
Hydrolase	ATP7A	392	294	686	105	17680	8.3e-05	1.33	0.0388009049774
WAC_Acf1_DNA_bd	BAZ1B	6	8	14	5	598	7.7e-05	0.75	0.0234113712375
WHIM1	BAZ1B	4	11	15	15	884	7.7e-05	0.36	0.0169683257919
WHIM2	BAZ1B	2	1	3	5	207	7.7e-05	2.0	0.0144927536232
WHIM3	BAZ1B	16	5	21	9	1943	7.9e-05	3.2	0.0108080288214
BBS2_C	BBS2	36	12	48	8	1312	7.7e-05	3.0	0.0365853658537
BBS2_Mid	BBS2	7	3	10	5	329	7.7e-05	2.33	0.0303951367781
BBS2_N	BBS2	10	8	18	4	494	7.7e-05	1.25	0.0364372469636
A2M	C5	47	22	69	54	2744	8.1e-05	2.14	0.0251457725948
A2M_N	C5	51	31	82	46	2627	8.15e-05	1.65	0.0312143129045
A2M_N_2	C5	83	62	145	45	4313	8.2e-05	1.34	0.033619290517
A2M_comp	C5	152	62	214	61	6780	9.8e-05	2.45	0.0315634218289
A2M_recep	C5	41	18	59	41	2494	8.4e-05	2.28	0.023656776263
ANATO	C5	14	12	26	57	937	0.000117	1.17	0.0277481323372
NTR	C5	80	48	128	60	4898	7.7e-05	1.67	0.0261331155574
Leuk-A4-hydro_C	C9orf3	26	17	43	16	1748	7.7e-05	1.53	0.0245995423341
Peptidase_M1	C9orf3	189	119	308	80	9915	7.7e-05	1.59	0.0310640443772
Peptidase_MA_2	C9orf3	9	0	9	1	756	7.7e-05	9.0	0.0119047619048
Cache_1	CACNA2D1	27	18	45	18	1342	8.3e-05	1.5	0.0335320417288
VGCC_alpha2	CACNA2D1	7	7	14	10	587	0.000154	1.0	0.0238500851789
VWA_N	CACNA2D1	31	21	52	20	1773	8.4e-05	1.48	0.029328821207
Amidohydro_4	CAD	85	57	142	9	2960	7.7e-05	1.49	0.047972972973
CPSase_L_D3	CAD	16	9	25	13	744	7.7e-05	1.78	0.0336021505376
CPSase_sm_chain	CAD	16	8	24	19	840	7.7e-05	2.0	0.0285714285714
MGS	CAD	16	12	28	20	957	7.7e-05	1.33	0.0292580982236
Cbl_N	CBLB	19	7	26	13	1295	7.7e-05	2.71	0.0200772200772
Cbl_N2	CBLB	14	4	18	11	905	7.7e-05	3.5	0.0198895027624
Cbl_N3	CBLB	12	5	17	9	770	7.7e-05	2.4	0.0220779220779
DUF4455	CCDC180	44	16	60	8	1457	7.7e-05	2.75	0.0411805078929
DUF4456	CCDC180	23	5	28	2	621	7.7e-05	4.6	0.0450885668277
RBP_receptor	CCDC180	85	32	117	15	3955	7.7e-05	2.66	0.029582806574
CENP-C_C	CENPC	4	2	6	2	251	0.0001705	2.0	0.0239043824701
CENP-C_mid	CENPC	15	8	23	4	767	8.5e-05	1.88	0.0299869621904
CENP_C_N	CENPC	18	4	22	4	854	0.0001695	4.5	0.0257611241218
CAF-1_p150	CHAF1A	10	6	16	3	642	7.7e-05	1.67	0.0249221183801
CAF1-p150_C2	CHAF1A	31	22	53	3	876	7.7e-05	1.41	0.060502283105
CAF1-p150_N	CHAF1A	20	10	30	3	687	7.7e-05	2.0	0.0436681222707
CAF1A	CHAF1A	3	5	8	3	237	7.7e-05	0.6	0.0337552742616
CHDCT2	CHD3	17	25	42	15	1690	7.7e-05	0.68	0.0248520710059
CHDNT	CHD3	3	9	12	12	489	7.7e-05	0.33	0.0245398773006
DUF1086	CHD3	9	23	32	20	1402	7.7e-05	0.39	0.0228245363766
DUF1087	CHD3	1	1	2	17	577	0.0031555	1.0	0.00346620450607
Clathrin-link	CLTCL1	1	2	3	2	140	0.000738	0.5	0.0214285714286
Clathrin_H_link	CLTCL1	9	3	12	3	392	8.3e-05	3.0	0.030612244898
Clathrin_propel	CLTCL1	19	4	23	7	764	8.2e-05	4.75	0.0301047120419
CLU	CLUH	14	15	29	2	662	7.9e-05	0.93	0.0438066465257
CLU_N	CLUH	5	4	9	3	224	8e-05	1.25	0.0401785714286
eIF3_p135	CLUH	16	14	30	2	557	8.3e-05	1.14	0.0538599640934
CRIC_ras_sig	CNKSR2	19	15	34	11	1122	7.7e-05	1.27	0.030303030303
DUF1170	CNKSR2	19	8	27	10	1184	9.5e-05	2.38	0.0228040540541
SAM_1	CNKSR2	221	178	399	254	16680	7.8e-05	1.24	0.0239208633094
Beta-Casp	CPSF3	11	4	15	26	744	7.7e-05	2.75	0.0201612903226
CPSF73-100_C	CPSF3	10	9	19	8	621	7.7e-05	1.11	0.0305958132045
RMMBL	CPSF3	5	9	14	17	402	7.7e-05	0.56	0.0348258706468
Cu2_monoox_C	DBH	49	21	70	6	1435	7.7e-05	2.33	0.0487804878049
Cu2_monooxygen	DBH	39	24	63	6	1173	7.7e-05	1.63	0.0537084398977
DOMON	DBH	41	27	68	7	3603	0.000118	1.52	0.0188731612545
DAGK_acc	DGKB	66	63	129	51	4361	7.7e-05	1.05	0.0295803714744
DAGK_cat	DGKB	82	78	160	71	5548	7.7e-05	1.05	0.028839221341
DAG_kinase_N	DGKB	10	8	18	33	1007	0.00017	1.25	0.0178748758689
Drf_FH3	DIAPH2	41	34	75	40	3806	9.5e-05	1.21	0.0197057277982
Drf_GBD	DIAPH2	44	39	83	47	4587	9.5e-05	1.13	0.0180946152169
FH2	DIAPH2	218	138	356	76	13152	8.5e-05	1.58	0.0270681265207
Guanylate_kin	DLG3	235	141	376	171	12166	8.4e-05	1.67	0.0309058030577
MAGUK_N_PEST	DLG3	14	11	25	42	2898	9.7e-05	1.27	0.00862663906142
PDZ_assoc	DLG3	8	11	19	35	1058	0.000101	0.73	0.0179584120983
SH3_1	DLG3	243	154	397	531	14258	7.7e-05	1.58	0.0278440173937
AAA_6	DNAH8	137	105	242	38	7798	0.0001195	1.3	0.0310335983586
AAA_7	DNAH8	197	90	287	27	8447	8.5e-05	2.19	0.0339765597253
AAA_8	DNAH8	223	105	328	27	8698	8.5e-05	2.12	0.037709818349
AAA_9	DNAH8	154	88	242	30	7214	8.55e-05	1.75	0.0335458830053
DHC_N1	DNAH8	244	139	383	19	13442	8.5e-05	1.76	0.0284927838119
DHC_N2	DNAH8	295	151	446	31	13969	8.5e-05	1.95	0.0319278402176
Dynein_heavy	DNAH8	570	244	814	46	27965	8.4e-05	2.34	0.0291078133381
MT	DNAH8	231	111	342	30	10598	8.4e-05	2.08	0.0322702396679
Dynamin_M	DNM1	74	62	136	37	4730	7.7e-05	1.19	0.0287526427061
Dynamin_N	DNM1	124	122	246	90	7585	8e-05	1.02	0.0324324324324
GED	DNM1	21	14	35	33	1380	7.7e-05	1.5	0.0253623188406
DOCK-C2	DOCK11	91	48	139	41	4813	8.5e-05	1.9	0.0288801163515
DUF3398	DOCK11	23	8	31	31	856	9.5e-05	2.88	0.036214953271
Ded_cyto	DOCK11	77	75	152	70	4897	8.3e-05	1.03	0.0310394118848
EF-hand_2	DRP2	56	22	78	48	2159	9.5e-05	2.55	0.0361278369616
EF-hand_3	DRP2	31	20	51	50	1443	8.5e-05	1.55	0.035343035343
Spectrin	DRP2	1405	861	2266	1128	67019	8.2e-05	1.63	0.0338113072412
ZZ	DRP2	37	26	63	97	2592	8.2e-05	1.42	0.0243055555556
DIX	DVL3	15	17	32	24	1655	8.3e-05	0.88	0.019335347432
Dishevelled	DVL3	28	18	46	15	643	7.7e-05	1.56	0.0715396578538
Dsh_C	DVL3	49	26	75	20	1798	8e-05	1.88	0.0417130144605
Creb_binding	EP300	10	10	20	5	626	7.75e-05	1.0	0.0319488817891
DUF902	EP300	2	1	3	5	248	9.5e-05	2.0	0.0120967741935
KAT11	EP300	16	26	42	14	1970	7.7e-05	0.62	0.0213197969543
KIX	EP300	2	5	7	8	482	7.7e-05	0.4	0.0145228215768
zf-TAZ	EP300	4	18	22	19	922	7.7e-05	0.22	0.0238611713666
FANCI_HD1	FANCI	9	3	12	5	372	7.7e-05	3.0	0.0322580645161
FANCI_HD2	FANCI	21	8	29	5	707	7.7e-05	2.63	0.041018387553
FANCI_S1	FANCI	18	4	22	10	719	7.7e-05	4.5	0.0305980528512
FANCI_S1-cap	FANCI	3	0	3	8	158	7.7e-05	3.0	0.0189873417722
FANCI_S2	FANCI	15	6	21	5	500	7.7e-05	2.5	0.042
FANCI_S3	FANCI	19	10	29	5	717	7.7e-05	1.9	0.0404463040446
FANCI_S4	FANCI	18	7	25	5	770	7.7e-05	2.57	0.0324675324675
Ketoacyl-synt_C	FASN	4	4	8	2	350	0.0001545	1.0	0.0228571428571
Thioesterase	FASN	36	24	60	4	1850	0.000108	1.5	0.0324324324324
ketoacyl-synt	FASN	14	13	27	6	713	7.7e-05	1.08	0.0378681626928
Beta_helix	FBXO10	63	37	100	39	2732	8.5e-05	1.7	0.0366032210835
F-box-like	FBXO10	92	52	144	106	10136	7.9e-05	1.77	0.0142067876875
NosD	FBXO10	15	11	26	3	581	8.3e-05	1.36	0.0447504302926
C8	FCGBP	141	107	248	92	7271	8.55e-05	1.32	0.0341081006739
TIL	FCGBP	106	84	190	84	4267	0.000154	1.26	0.0445277712679
TILa	FCGBP	37	22	59	31	2146	0.000154	1.68	0.0274930102516
MOR2-PAG1_C	FRYL	31	17	48	9	1576	8.4e-05	1.82	0.0304568527919
MOR2-PAG1_N	FRYL	19	32	51	9	3213	8.5e-05	0.59	0.015873015873
MOR2-PAG1_mid	FRYL	67	46	113	36	4036	8.4e-05	1.46	0.0279980178394
DUF3381	FTSJ3	14	7	21	2	539	7.7e-05	2.0	0.038961038961
FtsJ	FTSJ3	24	14	38	14	1156	7.7e-05	1.71	0.0328719723183
Spb1_C	FTSJ3	29	3	32	2	707	7.7e-05	9.67	0.045261669024
GHMP_kinases_C	GALK1	19	16	35	17	734	8.2e-05	1.19	0.0476839237057
GHMP_kinases_N	GALK1	14	17	31	27	707	8e-05	0.82	0.043847241867
GalKase_gal_bdg	GALK1	4	3	7	15	152	7.7e-05	1.33	0.0460526315789
HGTP_anticodon	GARS	49	31	80	44	2548	7.7e-05	1.58	0.0313971742543
WHEP-TRS	GARS	39	11	50	48	4777	7.7e-05	3.55	0.01046682018
tRNA-synt_2b	GARS	79	48	127	33	4989	8.4e-05	1.65	0.0254560032071
AIRS	GART	32	16	48	22	1403	7.85e-05	2.0	0.0342124019957
AIRS_C	GART	49	33	82	29	2960	8.3e-05	1.48	0.0277027027027
GARS_A	GART	14	7	21	10	578	7.7e-05	2.0	0.0363321799308
GARS_C	GART	7	3	10	4	278	7.7e-05	2.33	0.0359712230216
GARS_N	GART	3	3	6	9	302	0.000154	1.0	0.0198675496689
Alpha-amylase	GBE1	103	32	135	41	8103	9.2e-05	3.22	0.0166604961126
Alpha-amylase_C	GBE1	6	3	9	13	1360	8.4e-05	2.0	0.00661764705882
CBM_48	GBE1	6	4	10	4	257	0.000281	1.5	0.0389105058366
EFG_C	GFM2	20	18	38	19	1316	0.0001195	1.11	0.0288753799392
EFG_II	GFM2	9	9	18	20	1206	7.7e-05	1.0	0.0149253731343
EFG_IV	GFM2	21	25	46	18	2835	7.7e-05	0.84	0.0162257495591
Alpha_adaptinC2	GGA1	41	37	78	47	2945	7.7e-05	1.11	0.0264855687606
GAT	GGA1	54	31	85	33	4425	7.7e-05	1.74	0.019209039548
VHS	GGA1	86	60	146	63	7586	7.7e-05	1.43	0.0192459794358
MoCF_biosynth	GPHN	10	6	16	25	912	7.7e-05	1.67	0.0175438596491
MoeA_C	GPHN	4	0	4	8	328	0.0003845	4.0	0.0121951219512
MoeA_N	GPHN	3	5	8	8	744	7.7e-05	0.6	0.010752688172
GoLoco	GPSM1	40	15	55	50	1357	7.7e-05	2.67	0.0405305821665
TPR_10	GPSM1	10	6	16	39	635	9.05e-05	1.67	0.0251968503937
TPR_12	GPSM1	91	68	159	167	6451	0.000154	1.34	0.0246473414974
ANF_receptor	GRIA3	651	511	1162	197	41933	7.7e-05	1.27	0.0277108721055
Lig_chan	GRIA3	189	165	354	87	16811	7.7e-05	1.15	0.0210576408304
Lig_chan-Glu_bd	GRIA3	15	19	34	58	1171	7.7e-05	0.79	0.0290350128096
GTP_EFTU	GSPT2	134	156	290	113	13924	8.4e-05	0.86	0.0208273484631
GTP_EFTU_D2	GSPT2	40	47	87	98	3771	7.9e-05	0.85	0.0230708035004
GTP_EFTU_D3	GSPT2	16	21	37	64	2183	8.5e-05	0.76	0.0169491525424
Glyco_hydro_2	GUSB	9	5	14	2	302	7.7e-05	1.8	0.046357615894
Glyco_hydro_2_C	GUSB	13	20	33	12	905	7.7e-05	0.65	0.0364640883978
Glyco_hydro_2_N	GUSB	8	10	18	11	566	0.0001165	0.8	0.0318021201413
HPS3_C	HPS3	19	10	29	5	1440	7.7e-05	1.9	0.0201388888889
HPS3_Mid	HPS3	38	12	50	4	1167	7.7e-05	3.17	0.0428449014567
HPS3_N	HPS3	19	2	21	3	741	7.7e-05	9.5	0.0283400809717
DUF4414	HUWE1	3	4	7	4	334	9.5e-05	0.75	0.0209580838323
DUF908	HUWE1	3	4	7	6	842	9.5e-05	0.75	0.0083135391924
DUF913	HUWE1	6	7	13	10	1400	0.000284	0.86	0.00928571428571
HECT	HUWE1	255	288	543	116	23916	8.1e-05	0.89	0.0227044656297
WWE	HUWE1	30	30	60	44	1793	8.95e-05	1.0	0.0334634690463
ITI_HC_C	ITIH6	81	37	118	28	2317	9.5e-05	2.19	0.0509279240397
VIT	ITIH6	72	32	104	37	2619	9.5e-05	2.25	0.0397098129057
VWA_3	ITIH6	45	25	70	36	2464	9.5e-05	1.8	0.0284090909091
Ins145_P3_rec	ITPR3	56	62	118	20	4036	8.3e-05	0.9	0.0292368681863
RIH_assoc	ITPR3	27	29	56	19	2397	8.4e-05	0.93	0.023362536504
RYDR_ITPR	ITPR3	99	115	214	34	7183	8.4e-05	0.86	0.0297925657803
ARID	KDM5C	29	33	62	47	3342	7.7e-05	0.88	0.0185517654099
JmjC	KDM5C	50	69	119	132	7160	8.4e-05	0.72	0.0166201117318
JmjN	KDM5C	10	15	25	37	921	8.4e-05	0.67	0.0271444082519
PHD	KDM5C	128	131	259	302	17724	7.8e-05	0.98	0.0146129541864
PLU-1	KDM5C	51	27	78	24	2976	8.4e-05	1.89	0.0262096774194
zf-C5HC2	KDM5C	4	9	13	24	639	0.000154	0.44	0.0203442879499
Apt1	KIAA0100	11	13	24	4	1425	7.7e-05	0.85	0.0168421052632
Fmp27	KIAA0100	35	15	50	9	1942	7.7e-05	2.33	0.0257466529351
Fmp27_GFWDK	KIAA0100	6	5	11	4	395	7.7e-05	1.2	0.0278481012658
WASH-7_C	KIAA1033	10	4	14	3	510	0.0001285	2.5	0.0274509803922
WASH-7_N	KIAA1033	36	16	52	4	1719	8.5e-05	2.25	0.0302501454334
WASH-7_mid	KIAA1033	15	9	24	4	1368	8.5e-05	1.67	0.0175438596491
CAP_GLY	KIF13B	41	46	87	113	3206	8.4e-05	0.89	0.0271366188397
DUF3694	KIF13B	37	30	67	42	2224	8.2e-05	1.23	0.0301258992806
KIF1B	KIF13B	8	6	14	20	413	0.0001925	1.33	0.0338983050847
BACK	KLHL4	293	199	492	181	17261	7.9e-05	1.47	0.0285035629454
BTB	KLHL4	599	507	1106	414	62858	7.8e-05	1.18	0.0175952146107
Kelch_1	KLHL4	450	331	781	667	29982	7.7e-05	1.36	0.026048962711
DNA_ligase_A_C	LIG1	20	13	33	12	1000	7.7e-05	1.54	0.033
DNA_ligase_A_M	LIG1	30	26	56	15	1804	7.7e-05	1.15	0.0310421286031
DNA_ligase_A_N	LIG1	40	15	55	16	1642	7.7e-05	2.67	0.0334957369062
Alpha-mann_mid	MAN2A1	20	10	30	26	959	7.7e-05	2.0	0.0312825860271
Glyco_hydro_38	MAN2A1	98	46	144	26	3017	7.7e-05	2.13	0.0477295326483
Glyco_hydro_38C	MAN2A1	183	80	263	35	8233	7.7e-05	2.29	0.0319446131422
S-AdoMet_synt_C	MAT2A	4	5	9	10	988	7.7e-05	0.8	0.00910931174089
S-AdoMet_synt_M	MAT2A	5	3	8	6	369	7.7e-05	1.67	0.0216802168022
S-AdoMet_synt_N	MAT2A	2	7	9	8	659	0.000154	0.29	0.0136570561457
Biotin_carb_C	MCCC1	64	60	124	22	4475	7.8e-05	1.07	0.0277094972067
Biotin_lipoyl	MCCC1	58	30	88	51	2444	7.7e-05	1.93	0.0360065466448
CPSase_L_D2	MCCC1	80	72	152	49	5566	7.7e-05	1.11	0.0273086597197
CPSase_L_chain	MCCC1	47	41	88	46	3137	7.7e-05	1.15	0.0280522792477
Med12	MED12	1	2	3	8	183	0.001417	0.5	0.016393442623
Med12-LCEWAV	MED12	6	13	19	10	1419	0.000102	0.46	0.0133897110641
Med12-PQL	MED12	6	3	9	13	622	0.000103	2.0	0.0144694533762
DUF3377	MMP16	21	17	38	9	869	7.9e-05	1.24	0.0437284234753
Hemopexin	MMP16	231	131	362	247	9637	7.7e-05	1.76	0.0375635571236
PG_binding_1	MMP16	91	37	128	64	3922	8e-05	2.46	0.0326364099949
Peptidase_M10	MMP16	247	149	396	87	10627	7.8e-05	1.66	0.0372635739155
MutS_III	MSH5	92	32	124	41	4791	7.7e-05	2.88	0.0258818618243
MutS_IV	MSH5	5	3	8	40	297	0.000119	1.67	0.026936026936
MutS_V	MSH5	64	21	85	48	2889	7.7e-05	3.05	0.0294219453098
ERM	MSN	43	29	72	20	3359	7.7e-05	1.48	0.0214349508782
FERM_C	MSN	109	67	176	109	7432	8.2e-05	1.63	0.0236813778256
FERM_M	MSN	284	180	464	193	14919	8.3e-05	1.58	0.0311012802467
FERM_N	MSN	142	95	237	123	8589	8.3e-05	1.49	0.0275934334614
FTHFS	MTHFD1L	87	50	137	14	5266	7.7e-05	1.74	0.0260159513863
THF_DHG_CYH	MTHFD1L	11	8	19	19	1805	8.2e-05	1.38	0.0105263157895
THF_DHG_CYH_C	MTHFD1L	18	11	29	24	1836	8.3e-05	1.64	0.0157952069717
B12-binding_2	MTR	7	2	9	5	246	0.000154	3.5	0.0365853658537
Met_synt_B12	MTR	17	9	26	6	852	0.000231	1.89	0.0305164319249
Pterin_bind	MTR	14	7	21	8	639	7.7e-05	2.0	0.0328638497653
AAA_33	N4BP2	35	25	60	31	4445	8.2e-05	1.4	0.0134983127109
DUF1771	N4BP2	6	1	7	4	200	7.7e-05	6.0	0.035
Smr	N4BP2	2	1	3	4	242	0.001153	2.0	0.0123966942149
NCD1	NAB1	1	7	8	10	492	7.7e-05	0.14	0.0162601626016
NCD2	NAB1	15	19	34	7	977	7.7e-05	0.79	0.0348004094166
Nab1	NAB1	11	3	14	6	506	7.7e-05	3.67	0.0276679841897
DUF1726	NAT10	3	2	5	6	285	0.003537	1.5	0.0175438596491
GNAT_acetyltr_2	NAT10	14	11	25	4	678	7.7e-05	1.27	0.0368731563422
Helicase_RecD	NAT10	17	8	25	5	624	7.7e-05	2.13	0.0400641025641
tRNA_bind_2	NAT10	7	9	16	4	366	7.7e-05	0.78	0.0437158469945
MIF4G	NCBP1	108	88	196	53	7917	7.7e-05	1.23	0.0247568523431
MIF4G_like	NCBP1	4	4	8	1	402	7.7e-05	1.0	0.0199004975124
MIF4G_like_2	NCBP1	14	7	21	1	1180	7.7e-05	2.0	0.0177966101695
DUF1518	NCOA2	13	8	21	15	417	8.1e-05	1.63	0.0503597122302
Nuc_rec_co-act	NCOA2	6	1	7	12	363	8.1e-05	6.0	0.0192837465565
PAS	NCOA2	55	33	88	71	4399	7.7e-05	1.67	0.0200045464878
PAS_11	NCOA2	41	34	75	72	3937	7.7e-05	1.21	0.0190500381001
SRC-1	NCOA2	1	5	6	10	485	0.00028	0.2	0.0123711340206
FAD_binding_1	NDOR1	95	65	160	29	3365	8e-05	1.46	0.0475482912333
Flavodoxin_1	NDOR1	55	38	93	42	3393	0.000154	1.45	0.027409372237
NAD_binding_1	NDOR1	98	56	154	38	4508	8.2e-05	1.75	0.0341614906832
DUF1982	NDUFS1	5	0	5	6	158	7.7e-05	5.0	0.0316455696203
Fer2_4	NDUFS1	2	1	3	4	233	0.000154	2.0	0.0128755364807
Molybdopterin	NDUFS1	31	13	44	6	983	0.0001155	2.38	0.0447609359105
NADH-G_4Fe-4S_3	NDUFS1	3	1	4	6	119	7.7e-05	3.0	0.0336134453782
Complex1_51K	NDUFV1	11	16	27	15	531	0.000154	0.69	0.0508474576271
NADH_4Fe-4S	NDUFV1	6	0	6	8	138	7.7e-05	6.0	0.0434782608696
SLBB	NDUFV1	6	4	10	9	159	7.7e-05	1.5	0.062893081761
CTF_NFI	NFIB	33	57	90	40	4230	8e-05	0.58	0.0212765957447
MH1	NFIB	24	38	62	60	5111	7.7e-05	0.63	0.0121306984934
NfI_DNAbd_pre-N	NFIB	5	7	12	32	2082	7.7e-05	0.71	0.00576368876081
AlaDh_PNT_C	NNT	10	1	11	7	495	7.7e-05	10.0	0.0222222222222
AlaDh_PNT_N	NNT	6	3	9	10	933	7.7e-05	2.0	0.0096463022508
DUF3814	NNT	1	3	4	6	267	0.000231	0.33	0.0149812734082
PNTB	NNT	25	17	42	7	1389	7.7e-05	1.47	0.0302375809935
NOP5NT	NOP56	5	9	14	7	398	7.7e-05	0.56	0.035175879397
NOSIC	NOP56	9	8	17	17	564	7.7e-05	1.13	0.0301418439716
Nop	NOP56	24	29	53	19	1342	7.7e-05	0.83	0.0394932935917
Ank_4	NOTCH1	35	36	71	165	3518	8.3e-05	0.97	0.0201819215463
DUF3454	NOTCH1	6	10	16	6	579	0.0004	0.6	0.027633851468
EGF	NOTCH1	450	343	793	684	21637	8.1e-05	1.31	0.0366501825577
NOD	NOTCH1	8	9	17	4	501	7.9e-05	0.89	0.0339321357285
NODP	NOTCH1	13	12	25	10	555	0.000154	1.08	0.045045045045
Notch	NOTCH1	18	30	48	34	1615	7.85e-05	0.6	0.0297213622291
NPL4	NPLOC4	10	20	30	3	1296	8.3e-05	0.5	0.0231481481481
UN_NPL4	NPLOC4	1	2	3	2	236	0.442208	0.5	0.0127118644068
zf-NPL4	NPLOC4	4	11	15	3	425	8.2e-05	0.36	0.0352941176471
Glyco_transf_41	OGT	1	11	12	2	1407	9.5e-05	0.09	0.00852878464819
TPR_1	OGT	141	101	242	520	13296	7.7e-05	1.4	0.0182009626955
TPR_8	OGT	18	10	28	202	3438	7.7e-05	1.8	0.00814426992437
PAD	PADI4	144	86	230	16	5235	7.7e-05	1.67	0.043935052531
PAD_M	PADI4	87	32	119	10	2450	7.7e-05	2.72	0.0485714285714
PAD_N	PADI4	57	20	77	21	1466	0.000154	2.85	0.0525238744884
APS_kinase	PAPSS2	12	5	17	9	477	7.7e-05	2.4	0.0356394129979
ATP-sulfurylase	PAPSS2	19	10	29	10	678	7.7e-05	1.9	0.0427728613569
PUA_2	PAPSS2	8	7	15	9	501	7.7e-05	1.14	0.0299401197605
Cadherin	PCDH11Y	4464	2507	6971	2001	189547	8.2e-05	1.78	0.0367771581719
Cadherin_2	PCDH11Y	379	182	561	132	15417	8.2e-05	2.08	0.0363884024129
Protocadherin	PCDH11Y	48	38	86	21	3321	7.7e-05	1.26	0.0258958145137
GF_recep_IV	PCSK5	66	50	116	37	5218	8e-05	1.32	0.022230739747
P_proprotein	PCSK5	32	25	57	28	2842	8.3e-05	1.28	0.0200562983814
Peptidase_S8	PCSK5	142	141	283	53	9538	7.9e-05	1.01	0.0296707905221
eRF1_1	PELO	7	8	15	7	1310	7.7e-05	0.88	0.0114503816794
eRF1_2	PELO	6	8	14	5	794	0.0001155	0.75	0.0176322418136
eRF1_3	PELO	9	11	20	5	710	7.7e-05	0.82	0.0281690140845
PGM_PMM_I	PGM2	42	17	59	27	2499	7.7e-05	2.47	0.0236094437775
PGM_PMM_II	PGM2	16	15	31	19	989	7.7e-05	1.07	0.0313447927199
PGM_PMM_III	PGM2	29	15	44	14	1304	7.7e-05	1.93	0.0337423312883
PGM_PMM_IV	PGM2	19	14	33	16	824	7.7e-05	1.36	0.0400485436893
PI3K_C2	PIK3CG	67	33	100	38	4474	7.7e-05	2.03	0.0223513634332
PI3K_rbd	PIK3CG	36	24	60	35	2132	8.1e-05	1.5	0.0281425891182
PI3Ka	PIK3CG	88	52	140	46	6855	7.7e-05	1.69	0.0204230488694
PKD	PKD1L1	167	139	306	92	4374	8e-05	1.2	0.0699588477366
PKD_channel	PKD1L1	191	137	328	32	9800	8.5e-05	1.39	0.0334693877551
REJ	PKD1L1	182	114	296	38	7186	7.9e-05	1.6	0.0411912051211
PSI	PLXNA3	163	97	260	131	8531	8.2e-05	1.68	0.0304770835775
Plexin_cytopl	PLXNA3	221	227	448	44	15355	9.5e-05	0.97	0.0291761641159
Sema	PLXNA3	889	588	1477	155	40268	8.3e-05	1.51	0.0366792490315
TIG	PLXNA3	383	224	607	187	16152	8.5e-05	1.71	0.0375804853888
DNA_pol_B	POLA1	8	11	19	23	1392	9.5e-05	0.73	0.0136494252874
DNA_pol_B_exo1	POLA1	10	11	21	23	1029	9.5e-05	0.91	0.0204081632653
DNA_pol_alpha_N	POLA1	2	0	2	2	195	8.6e-05	2.0	0.0102564102564
zf-DNA_Pol	POLA1	2	8	10	2	579	9.5e-05	0.25	0.0172711571675
DNA_pol_B_palm	POLB	14	2	16	26	1223	0.000231	7.0	0.0130825838103
DNA_pol_B_thumb	POLB	18	8	26	23	713	7.7e-05	2.25	0.0364656381487
DNA_pol_lambd_f	POLB	10	3	13	23	574	0.000154	3.33	0.0226480836237
HHH_8	POLB	10	6	16	16	608	7.7e-05	1.67	0.0263157894737
RNA_pol_Rpb1_1	POLR1A	49	51	100	9	3094	8.3e-05	0.96	0.0323206205559
RNA_pol_Rpb1_2	POLR1A	15	29	44	10	1537	8.05e-05	0.52	0.028627195836
RNA_pol_Rpb1_3	POLR1A	36	26	62	11	1852	8.05e-05	1.38	0.0334773218143
RNA_pol_Rpb1_4	POLR1A	9	20	29	11	981	8.2e-05	0.45	0.0295616717635
RNA_pol_Rpb1_5	POLR1A	86	90	176	19	5368	8.3e-05	0.96	0.0327868852459
RNA_pol_Rpb2_1	POLR2B	32	16	48	22	3710	7.7e-05	2.0	0.0129380053908
RNA_pol_Rpb2_3	POLR2B	4	11	15	18	597	7.7e-05	0.36	0.0251256281407
RNA_pol_Rpb2_4	POLR2B	4	3	7	12	381	0.000308	1.33	0.0183727034121
RNA_pol_Rpb2_5	POLR2B	3	4	7	24	393	7.7e-05	0.75	0.0178117048346
RNA_pol_Rpb2_6	POLR2B	46	49	95	27	3723	7.7e-05	0.94	0.0255170561375
RNA_pol_Rpb2_7	POLR2B	10	11	21	25	975	7.7e-05	0.91	0.0215384615385
ACTH_domain	POMC	3	1	4	6	113	0.000272	3.0	0.0353982300885
NPP	POMC	2	2	4	6	131	0.0001155	1.0	0.030534351145
Op_neuropeptide	POMC	0	2	2	5	83	7.7e-05	0.0	0.0240963855422
PRO8NT	PRPF8	6	8	14	1	452	7.7e-05	0.75	0.0309734513274
PROCN	PRPF8	5	19	24	1	1223	7.7e-05	0.26	0.0196238757155
PROCT	PRPF8	2	6	8	3	368	7.7e-05	0.33	0.0217391304348
PRP8_domainIV	PRPF8	2	12	14	6	689	0.000231	0.17	0.0203193033382
RRM_4	PRPF8	0	6	6	1	278	7.7e-05	0.0	0.0215827338129
U5_2-snRNA_bdg	PRPF8	0	6	6	2	404	0.0001925	0.0	0.0148514851485
U6-snRNA_bdg	PRPF8	1	13	14	5	476	0.000269	0.08	0.0294117647059
PPR_2	PTCD1	16	3	19	6	320	7.7e-05	5.33	0.059375
PPR_3	PTCD1	9	2	11	14	307	7.7e-05	4.5	0.0358306188925
WRW	PTCD1	14	11	25	10	3079	7.7e-05	1.27	0.00811951932446
AAA_23	RAD50	22	4	26	8	879	7.7e-05	5.5	0.0295790671217
Rad50_zn_hook	RAD50	2	4	6	3	168	7.7e-05	0.5	0.0357142857143
SbcCD_C	RAD50	7	4	11	2	1066	0.000154	1.75	0.0103189493433
DUF3452	RBL1	17	3	20	12	1076	7.7e-05	5.67	0.0185873605948
RB_A	RBL1	19	6	25	16	1157	7.7e-05	3.17	0.0216076058773
RB_B	RBL1	19	14	33	12	1031	7.7e-05	1.36	0.0320077594568
Rb_C	RBL1	10	3	13	11	427	7.7e-05	3.33	0.0304449648712
RICTOR_M	RICTOR	14	7	21	2	656	7.7e-05	2.0	0.032012195122
RICTOR_N	RICTOR	4	6	10	4	1145	7.7e-05	0.67	0.00873362445415
RICTOR_V	RICTOR	4	4	8	2	215	0.0001155	1.0	0.0372093023256
RICTOR_phospho	RICTOR	5	1	6	2	317	7.7e-05	5.0	0.018927444795
RasGEF_N_2	RICTOR	8	4	12	2	341	0.0001155	2.0	0.0351906158358
DAO	SARDH	142	56	198	60	8421	8.4e-05	2.54	0.023512646954
GCV_T	SARDH	57	35	92	38	3176	8.55e-05	1.63	0.0289672544081
GCV_T_C	SARDH	45	26	71	29	1207	7.9e-05	1.73	0.0588235294118
Gelsolin	SEC24A	146	77	223	218	5717	7.7e-05	1.9	0.0390064719258
Sec23_BS	SEC24A	26	14	40	32	1328	0.0001195	1.86	0.0301204819277
Sec23_helical	SEC24A	40	22	62	32	2384	8.3e-05	1.82	0.0260067114094
Sec23_trunk	SEC24A	56	44	100	32	4606	8.4e-05	1.27	0.0217108119844
zf-Sec23_Sec24	SEC24A	15	10	25	28	824	7.7e-05	1.5	0.0303398058252
HTH_32	SETMAR	3	1	4	2	189	0.000732	3.0	0.021164021164
HTH_Tnp_Tc3_2	SETMAR	3	2	5	6	198	7.7e-05	1.5	0.0252525252525
Transposase_1	SETMAR	2	0	2	6	243	0.007845	2.0	0.0082304526749
DUF3449	SF3A3	0	7	7	7	536	7.7e-05	0.0	0.0130597014925
SF3a60_bindingd	SF3A3	1	2	3	5	80	7.7e-05	0.5	0.0375
Telomere_Sde2_2	SF3A3	3	9	12	9	352	8.35e-05	0.33	0.0340909090909
ASD1	SHROOM2	28	15	43	8	1496	9.5e-05	1.87	0.028743315508
ASD2	SHROOM2	67	43	110	12	3460	9.5e-05	1.56	0.0317919075145
PDZ	SHROOM2	943	618	1561	1072	52252	8.2e-05	1.53	0.0298744545663
STAS	SLC26A4	129	69	198	33	4375	8e-05	1.87	0.0452571428571
Sulfate_tra_GLY	SLC26A4	53	31	84	38	2175	7.7e-05	1.71	0.0386206896552
Sulfate_transp	SLC26A4	227	92	319	42	7674	7.9e-05	2.47	0.0415689340631
Gate	SLC28A3	25	14	39	14	974	0.000154	1.79	0.0400410677618
Nucleos_tra2_C	SLC28A3	55	42	97	13	2868	7.7e-05	1.31	0.0338214783821
Nucleos_tra2_N	SLC28A3	19	11	30	15	671	7.7e-05	1.73	0.0447093889717
DBINO	SMARCA1	5	8	13	16	826	9.5e-05	0.63	0.0157384987893
HAND	SMARCA1	6	6	12	11	590	9.5e-05	1.0	0.0203389830508
SLIDE	SMARCA1	5	5	10	11	698	9.5e-05	1.0	0.0143266475645
BRK	SMARCA2	11	12	23	25	1114	8.5e-05	0.92	0.0206463195691
HSA	SMARCA2	5	15	20	17	870	7.9e-05	0.33	0.0229885057471
QLQ	SMARCA2	1	1	2	11	222	7.8e-05	1.0	0.00900900900901
SnAC	SMARCA2	2	6	8	12	417	8.25e-05	0.33	0.0191846522782
SNN_cytoplasm	SNN	1	3	4	1	81	7.7e-05	0.33	0.0493827160494
SNN_linker	SNN	1	3	4	1	78	0.0001155	0.33	0.0512820512821
SNN_transmemb	SNN	1	2	3	1	99	0.001153	0.5	0.030303030303
FAD_binding_3	SQLE	31	24	55	23	3493	7.7e-05	1.29	0.0157457772688
Pyr_redox	SQLE	7	2	9	48	146	8.3e-05	3.5	0.0616438356164
SE	SQLE	14	8	22	7	882	8.5e-05	1.75	0.0249433106576
SRP54	SRP54	14	15	29	7	1243	7.7e-05	0.93	0.0233306516492
SRP54_N	SRP54	9	9	18	9	461	7.7e-05	1.0	0.0390455531453
SRP_SPB	SRP54	3	0	3	3	318	7.7e-05	3.0	0.00943396226415
DUF4174	SRPX2	41	16	57	20	2126	7.7e-05	2.56	0.0268109125118
HYR	SRPX2	30	9	39	10	972	0.000164	3.33	0.0401234567901
Sushi	SRPX2	1057	574	1631	1343	40647	8.3e-05	1.84	0.0401259625557
STAT_alpha	STAT4	41	30	71	44	2666	7.7e-05	1.37	0.0266316579145
STAT_bind	STAT4	38	44	82	44	3963	7.7e-05	0.86	0.0206913954075
STAT_int	STAT4	14	14	28	52	2215	7.7e-05	1.0	0.0126410835214
FACT-Spt16_Nlob	SUPT16H	5	6	11	5	1283	7.7e-05	0.83	0.00857365549493
Rtt106	SUPT16H	3	8	11	2	538	0.000154	0.38	0.0204460966543
SPT16	SUPT16H	2	8	10	1	479	7.7e-05	0.25	0.0208768267223
CTD	SUPT5H	6	8	14	4	501	7.7e-05	0.75	0.0279441117764
Spt5-NGN	SUPT5H	1	11	12	3	261	0.000118	0.09	0.0459770114943
Spt5_N	SUPT5H	0	4	4	3	294	7.7e-05	0.0	0.0136054421769
Chromo	SUV39H1	41	55	96	105	6771	7.7e-05	0.75	0.0141781125388
Pre-SET	SUV39H1	22	14	36	29	1881	7.7e-05	1.57	0.0191387559809
SET	SUV39H1	216	161	377	121	19860	7.7e-05	1.34	0.0189828801611
DUF3591	TAF1	35	21	56	2	2780	9.5e-05	1.67	0.0201438848921
TBP-binding	TAF1	10	6	16	2	392	9.5e-05	1.67	0.0408163265306
zf-CCHC_6	TAF1	7	5	12	22	473	8.6e-05	1.4	0.0253699788584
FAST_1	TBRG4	30	16	46	23	1063	0.000154	1.88	0.0432737535278
FAST_2	TBRG4	16	10	26	24	1327	7.7e-05	1.6	0.0195930670686
RAP	TBRG4	25	13	38	17	857	7.7e-05	1.92	0.0443407234539
CENP-B_N	TIGD5	24	16	40	17	1401	7.8e-05	1.5	0.028551034975
DDE_1	TIGD5	116	62	178	29	6249	7.7e-05	1.87	0.0284845575292
HTH_Tnp_Tc5	TIGD5	32	22	54	31	2102	0.000154	1.45	0.0256898192198
Transket_pyr	TKTL1	100	62	162	42	5241	9.5e-05	1.61	0.0309101316543
Transketolase_C	TKTL1	46	17	63	24	1948	7.7e-05	2.71	0.032340862423
Transketolase_N	TKTL1	60	37	97	29	2782	9.5e-05	1.62	0.0348670021567
I_LWEQ	TLN1	14	9	23	15	904	7.7e-05	1.56	0.0254424778761
Talin_middle	TLN1	9	6	15	3	482	7.7e-05	1.5	0.0311203319502
VBS	TLN1	8	12	20	10	742	7.7e-05	0.67	0.0269541778976
DUF221	TMEM63B	49	43	92	9	3220	8.1e-05	1.14	0.0285714285714
DUF4463	TMEM63B	12	14	26	7	636	0.0001185	0.86	0.0408805031447
RSN1_TM	TMEM63B	18	20	38	8	1443	9.25e-05	0.9	0.026334026334
Topo_C_assoc	TOP1MT	10	5	15	14	430	7.7e-05	2.0	0.0348837209302
Topoisom_I	TOP1MT	38	29	67	15	1481	7.7e-05	1.31	0.0452397029034
Topoisom_I_N	TOP1MT	32	20	52	22	1286	7.7e-05	1.6	0.0404354587869
DNA_gyraseB	TOP2A	3	5	8	9	491	8.5e-05	0.6	0.0162932790224
DNA_topoisoIV	TOP2A	19	9	28	12	1376	8.5e-05	2.11	0.0203488372093
DTHCT	TOP2A	5	3	8	11	263	8.35e-05	1.67	0.0304182509506
Aurora-A_bind	TPX2	0	1	1	3	204	7.7e-05	0.0	0.00490196078431
TPX2	TPX2	1	2	3	5	171	7.7e-05	0.5	0.0175438596491
TPX2_importin	TPX2	9	8	17	4	549	7.7e-05	1.13	0.0309653916211
ThiF	UBA1	120	57	177	48	6394	7.7e-05	2.11	0.0276822020644
UBACT	UBA1	23	16	39	28	1202	9.5e-05	1.44	0.0324459234609
UBA_e1_C	UBA1	21	9	30	9	1141	9.5e-05	2.33	0.0262927256792
UBA_e1_thiolCys	UBA1	9	3	12	17	1605	8.6e-05	3.0	0.00747663551402
UDPG_MGDP_dh	UGDH	1	2	3	4	290	7.7e-05	0.5	0.0103448275862
UDPG_MGDP_dh_C	UGDH	7	4	11	3	344	7.7e-05	1.75	0.031976744186
UDPG_MGDP_dh_N	UGDH	10	8	18	10	569	0.0001155	1.25	0.0316344463972
C1_1	UNC13B	133	107	240	277	11664	7.7e-05	1.24	0.0205761316872
DUF1041	UNC13B	28	22	50	30	1666	8.4e-05	1.27	0.0300120048019
Membr_traf_MHD	UNC13B	40	28	68	28	2013	8.35e-05	1.43	0.0337804272231
AAA	VCP	282	219	501	208	19414	8.2e-05	1.29	0.0258061192954
CDC48_2	VCP	1	2	3	11	434	7.7e-05	0.5	0.00691244239631
CDC48_N	VCP	2	1	3	9	494	0.000154	2.0	0.00607287449393
Vps4_C	VCP	23	13	36	18	1130	7.7e-05	1.77	0.0318584070796
FXa_inhibition	VLDLR	212	134	346	271	7470	8.3e-05	1.58	0.0463186077644
Ldl_recept_a	VLDLR	499	375	874	792	21605	7.7e-05	1.33	0.040453598704
Ldl_recept_b	VLDLR	303	203	506	394	13887	7.7e-05	1.49	0.0364369554259
ATG_C	VPS13A	32	24	56	6	1445	0.000154	1.33	0.0387543252595
Chorein_N	VPS13A	34	28	62	12	2360	8.1e-05	1.21	0.0262711864407
DUF1162	VPS13A	50	33	83	4	2681	7.7e-05	1.52	0.0309585975382
PBD	WAS	37	45	82	54	2377	7.7e-05	0.82	0.0344972654607
WH1	WAS	58	52	110	45	5352	8.1e-05	1.12	0.020553064275
WH2	WAS	41	27	68	54	1481	7.7e-05	1.52	0.0459149223498
DNA_pol_A_exo1	WRN	45	31	76	15	2389	7.7e-05	1.45	0.0318124738384
HRDC	WRN	6	7	13	11	605	7.7e-05	0.86	0.0214876033058
HTH_40	WRN	9	2	11	2	291	7.7e-05	4.5	0.0378006872852
RQC	WRN	43	21	64	11	1268	7.7e-05	2.05	0.0504731861199
Ald_Xan_dh_C	XDH	28	13	41	4	641	7.7e-05	2.15	0.0639625585023
Ald_Xan_dh_C2	XDH	89	46	135	6	3230	7.7e-05	1.93	0.0417956656347
CO_deh_flav_C	XDH	21	8	29	4	626	7.7e-05	2.63	0.0463258785942
FAD_binding_5	XDH	24	14	38	4	1082	0.0001155	1.71	0.0351201478743
Fer2	XDH	17	13	30	9	1025	7.7e-05	1.31	0.0292682926829
Fer2_2	XDH	10	7	17	4	452	7.7e-05	1.43	0.037610619469
BHD_1	XPC	6	0	6	10	158	8.15e-05	6.0	0.0379746835443
BHD_2	XPC	6	3	9	9	179	8.2e-05	2.0	0.0502793296089
BHD_3	XPC	6	1	7	6	221	0.000158	6.0	0.0316742081448
Rad4	XPC	11	4	15	14	392	9.7e-05	2.75	0.0382653061224
Ku	XRCC6	11	11	22	12	1221	7.7e-05	1.0	0.018018018018
Ku_C	XRCC6	8	9	17	12	570	7.7e-05	0.89	0.0298245614035
Ku_N	XRCC6	12	15	27	12	1439	7.7e-05	0.8	0.0187630298819
Zfx_Zfy_act	ZFY	9	9	18	26	2064	9.5e-05	1.0	0.00872093023256
zf-C2H2	ZFY	493	296	789	1700	30995	7.9e-05	1.67	0.0254557186643
zf-H2C2_2	ZFY	5420	2722	8142	12954	285088	7.7e-05	1.99	0.028559602649
